10
6 11
1 1 1 1 1 1
1 1 0 0 0 1
1 0 0 0 0 1
1 1 0 0 0 1
1 0 0 0 0 1
1 1 1 1 1 1
6 10
1 1 1 1 1 1
1 0 1 0 1 1
1 1 0 1 0 1
1 0 1 0 1 1
1 1 0 1 0 1
1 1 1 1 1 1
7 26
1 1 1 1 1 1 1
1 0 0 0 0 0 1
1 1 0 1 0 0 1
1 0 0 0 0 1 1
1 0 1 0 0 0 1
1 0 0 1 0 0 1
1 1 1 1 1 1 1
7 32
1 1 1 1 1 1 1
1 1 0 0 1 0 1
1 0 1 0 0 0 1
1 0 1 1 0 0 1
1 0 0 1 0 0 1
1 1 0 0 0 1 1
1 1 1 1 1 1 1
7 35
1 1 1 1 1 1 1
1 1 0 0 1 1 1
1 0 0 0 0 0 1
1 1 0 0 1 0 1
1 0 0 1 0 0 1
1 0 1 0 0 1 1
1 1 1 1 1 1 1
8 40
1 1 1 1 1 1 1 1
1 0 0 0 0 0 1 1
1 0 0 1 1 0 1 1
1 0 1 0 1 0 0 1
1 0 0 0 1 0 1 1
1 0 1 1 0 0 0 1
1 1 0 0 0 1 1 1
1 1 1 1 1 1 1 1
8 42
1 1 1 1 1 1 1 1
1 0 0 0 0 1 0 1
1 0 0 1 0 1 0 1
1 1 0 1 0 0 0 1
1 0 0 0 0 0 1 1
1 1 0 1 1 0 1 1
1 0 0 0 0 0 0 1
1 1 1 1 1 1 1 1
9 45
1 1 1 1 1 1 1 1 1
1 0 1 1 1 0 0 1 1
1 0 0 0 1 0 0 0 1
1 0 0 0 1 0 1 1 1
1 1 1 0 1 0 0 0 1
1 1 0 1 1 0 0 1 1
1 1 1 0 1 1 0 0 1
1 0 0 0 0 1 0 0 1
1 1 1 1 1 1 1 1 1
9 48
1 1 1 1 1 1 1 1 1
1 0 1 0 0 0 0 1 1
1 0 1 0 0 0 1 0 1
1 0 1 0 0 0 0 0 1
1 1 0 0 1 0 1 1 1
1 1 0 0 0 1 1 1 1
1 0 0 1 0 1 1 0 1
1 1 1 0 1 1 1 1 1
1 1 1 1 1 1 1 1 1
9 50
1 1 1 1 1 1 1 1 1
1 0 1 1 1 0 0 1 1
1 0 1 0 0 1 0 1 1
1 0 1 0 0 0 0 1 1
1 1 1 0 0 0 0 1 1
1 0 0 1 1 1 1 1 1
1 1 0 0 1 1 0 1 1
1 1 1 1 0 0 1 0 1
1 1 1 1 1 1 1 1 1

#1 4
#2 0
#3 10
#4 11
#5 16
#6 14
#7 20
#8 18
#9 15
#10 22